Latitude: 24.841628959276008
Longitude: 3.969581749049439
